Completed Date;Reference;Paid Out (EUR);Paid In (EUR);Exchange Out;Exchange In; Balance (EUR);Category
2018 December 27;HMSHost Schiphol Airport / Exchange Avenue;2.65;;;; 3.84;restaurants
2018 December 27;HMSHost Schiphol Airport / Exchange Avenue;10.95;;;; 6.49;restaurants
2018 December 14;To SCP FLBL Notaires;600.00;;;; 17.44;transfers
2018 December 14;Exchanged from CHF;; 130.00;;CHF 146.43; 617.44;general
2018 December 5;Leroy Merlin Thoiry;46.80;;;; 487.44;utilities
2018 November 19;From Göran Tengelin;; 79.00;;; 534.24;transfers
2018 November 19;Leroy Merlin Thoiry;67.71;;;; 455.24;utilities
2018 November 15;Amzn Mktp De*m81aa1th4;20.26;;;; 522.95;shopping
2018 November 9;Refund from Icebreaker_eu;; 119.95;;; 543.21;general
2018 November 5;To Martin Tengelin;2'250.00;;;; 423.26;transfers
2018 November 5;To Martin Tengelin;2'250.00;;;; 2'673.26;transfers
2018 November 3;From Charlotte Tengelin;; 2'000.00;;; 4'923.26;transfers
2018 November 2;Restaurant Mekong;34.13;;CHF 39.00;; 2'923.26;restaurants
2018 November 2;Globus Gastro Gen ve;15.60;;CHF 17.80;; 2'957.39;groceries
2018 November 2;Nike SoHo;154.55;;USD 174.83;; 2'972.99;general
2018 November 1;Easyjetevntdmr;138.41;;CHF 157.83;; 3'127.54;travel
2018 November 1;Bosphore-resto;11.34;;CHF 12.90;; 3'265.95;restaurants
2018 October 30;To Charlotte Tengelin;1.00;;;; 3'277.29;transfers
2018 October 29;Amzn Mktp Us*m86yl0ek1;222.86;;USD 253.30;; 3'278.29;shopping
2018 October 29;Amzn Mktp Us*m82ur80j2;63.33;;USD 71.97;; 3'501.15;shopping
2018 October 29;Cascina Papamora Risto;106.00;;;; 3'564.48;restaurants
2018 October 29;Autost Torino Nord;16.80;;;; 3'670.48;transport
2018 October 26;Autogrill 0029;34.45;;;; 3'687.28;restaurants
2018 October 26;Traforo Gran S. Bernar;26.90;;;; 3'721.73;transport
2018 October 26;Campesato Alberto D I;26.78;;;; 3'748.63;transport
2018 October 26;Lagoproject Sas;68.00;;;; 3'775.41;restaurants
2018 October 26;Casino Shop;35.76;;;; 3'843.41;groceries
2018 October 26;Eni Rete Oil Non Oil S;51.32;;;; 3'879.17;transport
2018 October 25;Cash at BNP Paribas;80.00;;;; 3'930.49;cash
2018 October 25;La Maree;118.00;;;; 4'010.49;restaurants
2018 October 25;Cash at Ce Cote D Azur;50.00;;;; 4'128.49;cash
2018 October 25;MONOPRIX;44.97;;;; 4'178.49;shopping
2018 October 25;Le Cosmo;77.80;;;; 4'223.46;restaurants
2018 October 24;Au Bon Coin;2.50;;;; 4'301.26;services
2018 October 24;Cash at Ce Cote D Azur;61.21;;;; 4'303.76;cash
2018 October 23;Villa D'este;77.50;;;; 4'364.97;restaurants
2018 October 23;Monop';38.73;;;; 4'442.47;groceries
2018 October 22;Safari Nice;91.00;;;; 4'481.20;restaurants
2018 October 22;Bistrot Antoine;72.80;;;; 4'572.20;restaurants
2018 October 19;kaigai stay à Nice;14.80;;;; 4'645.00;transport
2018 October 19;Les Palmiers;75.60;;;; 4'659.80;restaurants
2018 October 19;Amazon;679.90;;;; 4'735.40;shopping
2018 October 18;Nice Carrefour Market Pessicart;190.51;;;; 5'415.30;groceries
2018 October 18;Ca' Borghino;206.00;;;; 5'605.81;travel
2018 October 18;Azienda Agricola Sylla;318.00;;;; 5'811.81;groceries
2018 October 18;Autost Mondovi';21.20;;;; 6'129.81;transport
2018 October 17;Nuova Sidap Srl 9201 O;32.70;;;; 6'151.01;transport
2018 October 17;Nuova Sidap Srl 9201 M;81.33;;;; 6'183.71;groceries
2018 October 17;La Salita Sas;50.00;;;; 6'265.04;restaurants
2018 October 17;Icebreaker_eu;625.66;;;; 6'315.04;shopping
2018 October 17;Cash at Bcc Alba Langhe Roero;250.20;;;; 6'940.70;cash
2018 October 17;Il Forno Di Bosio Snc;16.90;;;; 7'190.90;groceries
2018 October 17;Autost Direz. Uscita;1.90;;;; 7'207.80;transport
2018 October 17;Ristorante Al Castello;175.00;;;; 7'209.70;restaurants
2018 October 17;Enoteca Regionale Piem;51.00;;;; 7'384.70;restaurants
2018 October 17;Libreria San Paolo;21.00;;;; 7'435.70;shopping
2018 October 16;Refund from Leroy Merlin Fr;; 201.24;;; 7'456.70;general
2018 October 16;Refund from Leroy Merlin Fr;; 18.31;;; 7'255.46;general
2018 October 16;Casa Scaparone Agritur;80.00;;;; 7'237.15;travel
2018 October 16;Autost Aosta-g.s.bern.;16.80;;;; 7'317.15;transport
2018 October 15;Leroy Merlin Thoiry;87.70;;;; 7'333.95;utilities
2018 October 15;Seiler Sarl;7.90;;;; 7'421.65;groceries
2018 October 15;Amazon;659.00;;;; 7'429.55;shopping
2018 October 12;To Charlotte Tengelin;4'000.00;;;; 8'088.55;transfers
2018 October 12;Payment from Martin Alexander Tengelin Et/ou;; 8'000.00;;; 12'088.55;general
2018 October 4;Leroy Merlin Annemasse - Ville-La-Grand;194.35;;;; 4'088.55;utilities
2018 October 4;Leroy Merlin Annemasse - Ville-La-Grand;120.58;;;; 4'282.90;utilities
2018 October 1;Aéroport Nice Côte d'Azur Jamié's Deli;13.40;;;; 4'403.48;restaurants
2018 October 1;Relay 373548px;9.30;;;; 4'416.88;shopping
2018 October 1;La Petite Maison;321.00;;;; 4'426.18;restaurants
2018 October 1;Uber B.V.;12.92;;;; 4'747.18;transport
2018 October 1;Uber B.V.;1.00;;;; 4'760.10;transport
2018 October 1;Uber B.V.;19.05;;;; 4'761.10;transport
2018 October 1;Spalato;39.00;;;; 4'780.15;restaurants
2018 October 1;Petit Casino;58.19;;;; 4'819.15;groceries
2018 September 30;From Esbjörn Johansson;; 91.00;;; 4'877.34;transfers
2018 September 28;Cash at Nice Côte d'Azur Airport;110.00;;;; 4'786.34;cash
2018 September 14;Leroy Merlin Thoiry;42.94;;;; 4'896.34;utilities
2018 September 3;Fort De Tamie;11.00;;;; 4'939.28;entertainment
2018 September 3;Sakura House;50.10;;;; 4'950.28;restaurants
2018 August 27;To Charlotte Tengelin;5'000.00;;;; 5'000.38;transfers
2018 August 27;Payment from Martin Alexander Tengelin Et/ou;; 10'000.00;;; 10'000.38;general
2018 May 16;Parking Automate;3.50;;;; 0.38;general
2018 May 15;Parking Automate;5.20;;;; 3.88;general
2018 May 14;Parking Automate;7.10;;;; 9.08;general
2018 May 12;To Vacation savings;0.80;;CHF  0.95;; 16.18;general
2018 May 10;To Vacation savings;0.90;;CHF  1.07;; 16.98;general
2018 April 5;Sbb Cff Ffs Mobile Tic;3.83;;CHF 4.50;; 17.88;transport
2018 April 4;Hotel Welcome Et;36.00;;;; 21.71;travel
2018 April 4;La Voile D'azur;89.00;;;; 57.71;restaurants
2018 April 2;Exchanged from JPY;; 0.85;;JPY 112; 146.71;general
2018 April 2;Exchanged from SEK;; 97.26;;SEK 1'001.00; 145.86;general
2018 March 31;Exchanged from SEK;; 48.60;;SEK 503.56; 48.60;general
2017 November 22;Green Gorilla;17.09;;CHF 19.90;; 0.00;restaurants
2017 November 22;Cash at Br Nyon;17.17;;CHF 20.00;; 17.09;cash
2017 November 21;Exchanged to CHF;21.68;;CHF  25.24;; 34.26;general
2017 November 20;Exchanged to CHF;17.17;;CHF  20.00;; 55.94;general
2017 November 17;Microsoft;17.93;;GBP 15.99;; 73.11;entertainment
2017 November 16;Exchanged to GBP;8.96;;GBP  7.99;; 91.04;general
2017 November 16;Payment from Martin Alexander Tengelin Et/ou;; 100.00;;; 100.00;general
